#Total No. of Collocate Types: 106
#Total No. of Collocate Tokens: 974
1	29	13	16	0	я
2	58	49	9	0	этот
3	5	0	5	0	этого
4	13	7	6	0	это
5	3	2	1	0	чувствительный
6	5	3	2	0	чтобы
7	42	38	4	0	что
8	5	2	3	0	чем
9	6	3	3	0	человек
10	3	1	2	0	хотя
11	3	3	0	0	усталый
12	4	4	0	0	умный
13	6	3	3	0	уже
14	8	2	6	0	ты
15	3	2	1	0	тут
16	3	2	1	0	тот
17	6	4	2	0	только
18	12	9	3	0	то
19	3	2	1	0	тем
20	5	5	0	0	такой
21	3	2	1	0	таки
22	4	2	2	0	так
23	3	0	3	0	сумел
24	4	4	0	0	странный
25	10	9	1	0	старый
26	4	0	4	0	стал
27	7	3	4	0	способен
28	4	2	2	0	совсем
29	3	3	0	0	совершенно
30	4	0	4	0	со
31	6	4	2	0	себе
32	5	3	2	0	святой
33	3	3	0	0	самый
34	18	0	18	0	с
35	3	3	0	0	порядочный
36	3	1	2	0	пожилой
37	3	1	2	0	подумал
38	6	3	3	0	по
39	4	1	3	0	очень
40	3	2	1	0	отец
41	33	16	17	0	он
42	21	20	1	0	один
43	3	1	2	0	одаренный
44	3	0	3	0	о
45	8	4	4	0	но
46	3	3	0	0	ним
47	3	2	1	0	никогда
48	11	10	1	0	ни
49	5	4	1	0	несколько
50	3	3	0	0	непостижимый
51	40	9	31	0	не
52	6	3	3	0	наполовину
53	15	1	14	0	на
54	33	31	2	0	молодой
55	4	2	2	0	мой
56	10	2	8	0	может
57	3	0	3	0	много
58	3	0	3	0	мне
59	3	1	2	0	мир
60	3	3	0	0	любой
61	3	3	0	0	любимый
62	3	1	2	0	лишь
63	4	0	4	0	лет
64	4	4	0	0	красивый
65	3	0	3	0	которым
66	25	0	25	0	который
67	4	1	3	0	которому
68	18	1	17	0	которого
69	8	6	2	0	когда
70	6	5	1	0	какой
71	29	19	10	0	как
72	10	10	0	0	каждый
73	6	3	3	0	к
74	7	1	6	0	или
75	8	1	7	0	из
76	79	30	49	0	и
77	3	1	2	0	знает
78	4	4	0	0	здоровый
79	7	2	5	0	за
80	3	1	2	0	жизнь
81	3	3	0	0	жизни
82	4	3	1	0	живой
83	8	7	1	0	же
84	10	4	6	0	еще
85	9	3	6	0	есть
86	11	7	4	0	если
87	5	1	4	0	ему
88	5	1	4	0	его
89	4	0	4	0	должен
90	6	1	5	0	для
91	4	4	0	0	двух
92	3	2	1	0	двадцать
93	12	8	4	0	вы
94	3	1	2	0	всегда
95	6	2	4	0	все
96	3	1	2	0	вот
97	10	3	7	0	волк
98	3	3	0	0	взрослый
99	6	4	2	0	ведь
100	30	6	24	0	в
101	6	1	5	0	быть
102	28	22	6	0	был
103	3	1	2	0	бы
104	4	1	3	0	более
105	3	3	0	0	благородный
106	16	7	9	0	а
